0 0.35615740740740737 0.7001113262342692 0.20438725490196077 0.5997725072604067
0 0.9417211328976035 0.7303969022265246 0.10239651416122005 0.3727008712487899
0 0.8374183006535948 0.686350435624395 0.08442265795206971 0.34075508228460794
0 0.7129629629629629 0.6151984511132623 0.05664488017429194 0.2739593417231365
0 0.6288126361655774 0.5517909002904162 0.04520697167755991 0.23039690222652467
0 0.5697167755991286 0.5043562439496612 0.03594771241830065 0.18780251694094868
0 0.5296840958605664 0.46708615682478216 0.03104575163398693 0.15004840271055178
0 0.49645969498910675 0.44869312681510165 0.02559912854030501 0.14811229428848016
0 0.47194989106753815 0.43272023233301066 0.024509803921568627 0.1335914811229429
0 0.44798474945533767 0.39351403678606 0.017973856209150325 0.06679574056147145
0 0.04302832244008715 0.5842207163601162 0.037037037037037035 0.06292352371732816