0 0.7381147540983607 0.7365439093484419 0.13852459016393442 0.22946175637393768
0 0.10286885245901639 0.17138810198300283 0.09918032786885246 0.11898016997167139
0 0.8147540983606557 0.09985835694050992 0.06393442622950819 0.12039660056657224
0 0.8270491803278689 0.589943342776204 0.08852459016393442 0.16005665722379603
0 0.8782786885245901 0.7677053824362606 0.06475409836065574 0.29461756373937675
0 0.9377049180327869 0.7202549575070821 0.05737704918032787 0.17138810198300283
0 0.9606557377049181 0.7046742209631728 0.06557377049180328 0.16005665722379603
0 0.7721311475409836 0.853399433427762 0.07868852459016394 0.22521246458923513
0 0.6770491803278689 0.8852691218130312 0.10327868852459017 0.1671388101983003
0 0.13319672131147542 0.06728045325779036 0.08114754098360656 0.12889518413597734
0 0.12540983606557377 0.48583569405099153 0.08196721311475409 0.20396600566572237
0 0.27827868852459015 0.3045325779036827 0.08934426229508197 0.11331444759206799
0 0.39344262295081966 0.16572237960339944 0.060655737704918035 0.0679886685552408
0 0.3795081967213115 0.22946175637393768 0.036065573770491806 0.08498583569405099
0 0.4680327868852459 0.193342776203966 0.03934426229508197 0.09206798866855524
0 0.6422131147540984 0.26558073654390935 0.08114754098360656 0.21388101983002833
0 0.34467213114754097 0.7259206798866855 0.1581967213114754 0.16855524079320114
0 0.5995901639344262 0.9150141643059491 0.09918032786885246 0.16997167138810199
0 0.46147540983606555 0.9029745042492918 0.16393442622950818 0.18271954674220964
0 0.5040983606557377 0.9518413597733711 0.12622950819672132 0.09348441926345609
0 0.6487704918032787 0.4943342776203966 0.07295081967213114 0.23796033994334279
0 0.7016393442622951 0.39943342776203966 0.054098360655737705 0.10764872521246459
0 0.8426229508196721 0.4461756373937677 0.12622950819672132 0.1558073654390935
0 0.22581967213114754 0.740084985835694 0.08442622950819673 0.19405099150141644
0 0.08811475409836066 0.7818696883852692 0.0680327868852459 0.26628895184135976
0 0.514344262295082 0.7160056657223796 0.10573770491803279 0.17138810198300283
0 0.6971311475409836 0.08427762039660057 0.0778688524590164 0.07507082152974505
0 0.8860655737704918 0.20184135977337112 0.07868852459016394 0.11189801699716714
0 0.9602459016393443 0.3371104815864023 0.07950819672131147 0.08498583569405099
0 0.965983606557377 0.4171388101983003 0.0680327868852459 0.10056657223796034
0 0.5172131147540984 0.11473087818696884 0.047540983606557376 0.0764872521246459
0 0.6647540983606557 0.029745042492917848 0.06557377049180328 0.059490084985835696
0 0.5385245901639344 0.3781869688385269 0.1557377049180328 0.08781869688385269
0 0.4278688524590164 0.3803116147308782 0.08032786885245902 0.08073654390934844
0 0.2733606557377049 0.40793201133144474 0.07459016393442623 0.14447592067988668
0 0.2725409836065574 0.49008498583569404 0.07295081967213114 0.09915014164305949
0 0.7274590163934426 0.9730878186968839 0.15491803278688523 0.053824362606232294
0 0.8323770491803278 0.8420679886685553 0.05 0.273371104815864
0 0.8040983606557377 0.25424929178470257 0.05901639344262295 0.13172804532577903
0 0.5852459016393443 0.3059490084985836 0.07540983606557378 0.0708215297450425
0 0.705327868852459 0.6303116147308782 0.0680327868852459 0.16147308781869688
0 0.2098360655737705 0.32577903682719545 0.05245901639344262 0.0821529745042493
0 0.625 0.7507082152974505 0.1221311475409836 0.1274787535410765
0 0.7225409836065574 0.21954674220963172 0.08278688524590164 0.1529745042492918
0 0.969672131147541 0.15226628895184136 0.060655737704918035 0.08640226628895184
0 0.8598360655737705 0.29249291784702547 0.07540983606557378 0.12606232294617564
0 0.735655737704918 0.5481586402266289 0.0778688524590164 0.14447592067988668
0 0.6229508196721312 0.10694050991501416 0.05901639344262295 0.08356940509915015
0 0.04262295081967213 0.5892351274787535 0.07704918032786885 0.17280453257790368
0 0.04959016393442623 0.9426345609065155 0.07950819672131147 0.11473087818696884
0 0.028278688524590163 0.8059490084985835 0.051639344262295085 0.20396600566572237
0 0.3069672131147541 0.9475920679886686 0.14508196721311475 0.09348441926345609
0 0.44631147540983607 0.7160056657223796 0.05983606557377049 0.16572237960339944
0 0.4959016393442623 0.53328611898017 0.08524590163934426 0.19971671388101983
0 0.5692622950819672 0.6756373937677054 0.0778688524590164 0.2804532577903683
0 0.5118852459016393 0.28257790368271957 0.09754098360655737 0.10906515580736544
0 0.9561475409836065 0.9228045325779037 0.08770491803278689 0.15439093484419264
0 0.21721311475409835 0.5934844192634561 0.06557377049180328 0.12181303116147309