0 0.10239999999999999 0.5072444444444444 0.20484444444444447 0.49275555555555556
0 0.3695555555555556 0.5028888888888889 0.20386666666666667 0.5033777777777778
0 0.5604 0.4966222222222222 0.18742222222222224 0.5082222222222222
0 0.8096444444444444 0.5009777777777777 0.35942222222222225 0.45893333333333336
0 0.09324444444444445 0.26955555555555555 0.15555555555555556 0.13142222222222222
0 0.2507111111111111 0.2845333333333333 0.1459111111111111 0.1459111111111111
0 0.3956444444444444 0.2753777777777778 0.1497777777777778 0.13333333333333333
0 0.5410666666666667 0.2739111111111111 0.1488 0.1284888888888889
0 0.6937333333333333 0.2768 0.16040000000000001 0.1459111111111111
0 0.8656888888888888 0.2690666666666667 0.16426666666666667 0.1265777777777778
0 0.24155555555555555 0.43235555555555555 0.11013333333333333 0.14008888888888887
0 0.7048444444444445 0.42897777777777774 0.1516888888888889 0.1545777777777778
0 0.8980888888888888 0.6019111111111112 0.1381777777777778 0.14106666666666667
0 0.8734222222222223 0.7550666666666666 0.18164444444444444 0.15942222222222222
0 0.7048444444444445 0.7685777777777778 0.15746666666666667 0.1459111111111111
0 0.5521777777777778 0.7656888888888889 0.1497777777777778 0.11497777777777778
0 0.3980888888888889 0.7604 0.15844444444444444 0.12946666666666667
0 0.23573333333333332 0.7454222222222222 0.15266666666666667 0.15942222222222222
0 0.08213333333333334 0.7459111111111112 0.16426666666666667 0.16040000000000001
0 0.2604 0.5806666666666667 0.09951111111111112 0.1507111111111111