0 0.5203671875 0.4920625 0.2081484375 0.12301388888888888
0 0.61105078125 0.7152777777777778 0.23883984374999997 0.24801388888888887
0 0.25613671875 0.6443472222222222 0.38839453125 0.2609097222222222
0 0.45451953125 0.38839583333333333 0.14006640625 0.10813194444444445
0 0.8624453125 0.7098194444444444 0.27511328125 0.21924305555555554
0 0.37137109375 0.8814513888888889 0.19921875 0.23710416666666667
0 0.12555859375 0.8516875 0.2511171875 0.2668680555555556
0 0.2742734375 0.4791666666666667 0.12667578125 0.16071527777777778
0 0.34319140625 0.4538680555555556 0.07589453125 0.1736111111111111
0 0.64983203125 0.5069444444444444 0.1143984375 0.1011875
0 0.71121484375 0.4766875 0.07868359375 0.171625
0 0.8842070312500001 0.4513888888888889 0.08761328125 0.1488125
0 0.20089453124999998 0.40823611111111113 0.0948671875 0.18154861111111112
0 0.32254296875 0.3219236111111111 0.0457578125 0.12202083333333334
0 0.9093203125 0.6076388888888888 0.08649609375 0.1577361111111111
0 0.77985546875 0.5223194444444444 0.11662890625 0.20535416666666664