0 0.19168359375 0.9578402777777778 0.06975390625 0.0644861111111111
0 0.2000546875 0.8844236111111111 0.0362734375 0.10218055555555555
0 0.31110546875 0.8521805555555556 0.09430859375 0.06547916666666667
0 0.421875 0.8467291666666666 0.1026796875 0.0704375
0 0.5382265625 0.7410694444444446 0.051898437500000005 0.06547916666666667
0 0.7313046875 0.7470208333333334 0.04296875 0.05952083333333333
0 0.7608828125 0.6393819444444445 0.04519921875 0.058534722222222224
0 0.2527890625 0.6076388888888888 0.04352734375 0.04861111111111111
0 0.12332421874999999 0.6696458333333333 0.0401796875 0.033729166666666664
0 0.20675390624999998 0.7569444444444444 0.02399609375 0.03968055555555556
0 0.72600390625 0.6894861111111111 0.0636171875 0.06547916666666667