0 0.46484375 0.7862083333333334 0.11160546874999999 0.06646527777777778
0 0.7686953125 0.6374027777777778 0.06975390625 0.06845138888888888
0 0.29659765625 0.8313472222222222 0.10212109375 0.051590277777777784
0 0.16433984375 0.8581319444444445 0.04519921875 0.1031736111111111
0 0.2254453125 0.8918680555555555 0.0546875 0.04960416666666667
0 0.2433046875 0.922125 0.0792421875 0.06646527777777778
0 0.1316953125 0.9647847222222222 0.08370703125 0.0704375
0 0.1886171875 0.7197430555555556 0.0234375 0.046625
0 0.2957578125 0.5421597222222222 0.046875 0.04861111111111111
0 0.59793359375 0.37301388888888887 0.056363281249999994 0.03770138888888889
0 0.67550390625 0.36409027777777775 0.04073828125 0.03174305555555556
0 0.02120703125 0.9781736111111111 0.04241015625 0.043652777777777776