0 0.66522265625 0.8360138888888888 0.09328906249999999 0.10061111111111111
0 0.40289843750000004 0.6784027777777778 0.09024609375 0.129125
0 0.45133984375 0.5659097222222222 0.0945078125 0.13761805555555554
0 0.47628515625 0.7445416666666668 0.06640625 0.12599305555555557
0 0.6358828125 0.6066458333333333 0.04519921875 0.1597222222222222
0 0.33947265625 0.7333541666666666 0.047484375 0.13275
0 0.56041015625 0.6943680555555556 0.08627343750000001 0.11921527777777777
0 0.66951953125 0.9466597222222223 0.05219921875 0.05155555555555555
0 0.6918124999999999 0.5049097222222223 0.036613281250000004 0.16819444444444442
0 0.73983984375 0.5136041666666666 0.03044921875 0.14306249999999998
0 0.73258984375 0.6579583333333333 0.042046875 0.13790972222222223
0 0.60209375 0.4968541666666667 0.08337109375 0.13017361111111111
0 0.46271874999999996 0.45045138888888886 0.0938828125 0.059284722222222225
0 0.43788671875 0.8628888888888888 0.092796875 0.05284027777777778
0 0.34871484375 0.8271180555555555 0.047847656249999995 0.049618055555555554
0 0.34871484375 0.38375694444444447 0.06669921875 0.13726388888888888
0 0.54608984375 0.4037291666666667 0.055460937499999995 0.11663888888888889
0 0.45111718749999996 0.37022222222222223 0.0300859375 0.10504166666666666
0 0.2927109375 0.3895555555555556 0.03951171875 0.09988888888888889
0 0.284734375 0.46849999999999997 0.027187499999999996 0.08635416666666666
0 0.597203125 0.6128472222222222 0.0518359375 0.0683125
0 0.56874609375 0.9311944444444445 0.02682421875 0.0476875
0 0.49533984374999995 0.8857638888888889 0.0235625 0.1114861111111111
0 0.48863671875000003 0.7894236111111111 0.10004687500000001 0.059284722222222225
0 0.5683828125 0.8448402777777777 0.02319921875 0.07733333333333334
0 0.27966015624999996 0.7050000000000001 0.0482109375 0.10181944444444445
0 0.359953125 0.4871875 0.03334765625 0.10052777777777777